$ 1 0.000005 10.20027730826997 50 5 50 5e-11
v 240 560 240 272 0 0 40 5 0 0 0.5
w 240 272 384 272 0
r 384 272 384 416 0 1000
w 384 416 496 416 0
s 384 416 384 560 0 1 false
162 496 416 496 560 2 default-led 1 0 0 0.01
w 240 560 384 560 0
w 384 560 496 560 0
I 1024 368 1152 368 0 0.5 5
I 976 464 1152 464 0 0.5 5
152 1328 416 1504 416 0 2 5 5
150 1152 480 1328 480 0 2 5 5
w 1328 352 1328 400 0
w 1328 432 1328 480 0
w 976 336 976 464 0
w 1024 368 1024 496 0
w 976 336 1152 336 0
w 1024 496 1152 496 0
x 794 314 810 317 4 24 A
x 797 477 813 480 4 24 B
x 1592 397 1608 400 4 24 Z
150 1152 352 1328 352 0 2 0 5
M 1504 416 1600 416 0 2.5
v 592 688 672 688 0 0 40 5 0 0 0.5
r 528 688 592 688 0 500
150 672 704 832 704 0 2 0 5
w 832 704 832 800 0
w 832 800 592 800 0
w 592 800 592 720 0
I 592 720 672 720 0 0.5 5
w 832 704 880 704 0
w 880 704 880 864 0
w 880 864 752 864 0
w 528 688 528 864 0
419 976 704 1056 704 0 1
w 752 864 528 864 0
w 880 704 976 704 0
v 1456 720 1280 720 0 1 100 5 0 0 0.5
r 1456 720 1520 720 0 500
w 1520 720 1520 864 0
w 1520 864 1280 864 0
w 1280 864 1280 720 0
w 1520 720 1616 720 0
419 1616 720 1664 720 0 1
197 768 1024 816 1024 0
M 896 1216 992 1216 0 2.5
M 896 1184 992 1184 0 2.5
M 896 1152 992 1152 0 2.5
M 896 1120 992 1120 0 2.5
M 896 1088 992 1088 0 2.5
M 896 1056 992 1056 0 2.5
M 896 1024 992 1024 0 2.5
R 976 336 800 336 1 2 200 2.5 2.5 0 0.5
R 1024 496 800 496 1 2 100 2.5 2.5 0 0.5
R 768 1024 640 1024 1 2 10 2.5 2.5 0 0.5
R 768 1056 640 1056 1 2 20 2.5 2.5 0 0.5
R 768 1088 640 1088 1 2 40 2.5 2.5 0 0.5
R 768 1120 640 1120 1 2 80 2.5 2.5 0 0.5
o 5 64 0 4103 5 0.0125 0 2 5 3 LED
o 22 64 0 4102 5 0.1 0 1 Z
