$ 1 0.000005 10.20027730826997 50 5 50 5e-11
w 144 208 352 208 0
w 176 384 496 384 0
w 208 544 592 544 0
I 352 208 352 352 0 0.5 5
w 352 352 688 352 0
150 688 224 832 224 0 2 5 5
w 352 208 688 208 0
w 496 240 688 240 0
150 688 368 832 368 0 2 0 5
w 592 544 592 384 0
w 592 384 688 384 0
152 976 240 1120 240 0 2 5.000000000000001 5
w 832 224 976 224 0
w 832 368 832 256 0
w 832 256 976 256 0
s 208 640 208 544 0 1 false
s 176 480 176 384 0 1 false
s 144 304 144 208 0 1 false
r 144 208 16 208 0 10000
r 176 384 16 384 0 10000
r 208 544 16 544 0 10000
R 16 48 16 -48 0 0 40 5 0 0 0.5
w 16 48 16 208 0
w 16 208 16 384 0
w 16 384 16 544 0
w 144 304 144 640 0
w 176 480 176 640 0
w 144 640 176 640 0
w 208 640 176 640 0
g 208 640 272 640 0 0
x 156 247 171 250 4 24 S
w 496 384 496 240 0
x 189 423 222 426 4 24 D1
x 220 578 253 581 4 24 D0
x 1098 206 1111 209 4 24 F
162 1120 752 1120 240 2 default-led 1 0 0 0.01
w 16 544 16 736 0
r 16 736 1120 752 0 270
r 32 1728 912 1744 0 270
w 32 1536 32 1728 0
162 976 1744 976 1664 2 default-led 1 0 0 0.01
x 158 1088 187 1091 4 24 F3
x 236 1570 265 1573 4 24 F0
x 205 1415 234 1418 4 24 F1
x 176 1252 205 1255 4 24 F2
g 224 1632 288 1632 0 0
w 224 1632 192 1632 0
w 160 1632 192 1632 0
w 192 1472 192 1632 0
w 160 1312 160 1632 0
w 32 1376 32 1536 0
w 32 1216 32 1376 0
w 32 1056 32 1216 0
R 32 1056 32 944 0 0 40 5 0 0 0.5
r 224 1536 32 1536 0 10000
r 192 1376 32 1376 0 10000
r 160 1216 32 1216 0 10000
s 160 1312 160 1216 0 0 false
s 192 1472 192 1376 0 0 false
s 224 1632 224 1536 0 0 false
w 224 1536 608 1536 0
w 192 1376 368 1376 0
w 160 1216 368 1216 0
r 32 1056 128 1056 0 10000
s 128 1152 128 1056 0 0 false
w 128 1152 128 1632 0
w 128 1632 160 1632 0
I 608 1216 688 1216 0 0.5 5
I 368 1376 448 1376 0 0.5 5
I 368 1216 448 1216 0 0.5 5
150 688 1232 848 1232 0 2 5.000000000000001 5
150 688 1344 848 1344 0 2 5.000000000000001 5
162 912 1744 912 1664 2 default-led 1 0 0 0.01
w 912 1744 976 1744 0
w 912 1664 912 1232 0
w 976 1664 976 1344 0
w 912 1232 848 1232 0
w 976 1344 848 1344 0
w 448 1216 528 1216 0
w 528 1216 528 1328 0
w 528 1328 688 1328 0
w 448 1376 448 1248 0
w 448 1248 688 1248 0
w 608 1536 608 1360 0
w 608 1360 608 1216 0
x 798 1328 828 1331 4 24 b0
x 799 1213 829 1216 4 24 b1
I 608 1360 688 1360 0 0.5 5
